2   1    0

3

4   50 100   10

30
3   1    200     2     (1,20),(84,17)

3        2     56       5     (12,7),(34,13),(44,2),(52,5),(56,10)

4   3    134      0

5   4    134      0

5   5    134      0

6   6    134      0

28   7    134      0

29   8    134      0

30   9    134      0

31   10    134      0

32   11    134      0

33   12    134      0

40   13    134      0

41   14    134      0

50   15    134      0

51   16    134      0

52   17    134      0

53   18    134      0

54   19    134      0

55   20    134      0

65   21    134      0

66   22    134      0

67   23    134      0

68   24    134      0

69   25    134      0

70   26    134      0

71   27    134      0

72   28    134      0

73   29    134      0

74   30    134      0

SIGKILL Times //Sorted ascendingly by kill time

9  34                 

50 8                 